49 49
48 49
47 49
49 48
49 47
49 46
49 45
48 45
47 45
47 46
47 47
46 47
45 47
45 48
45 49
44 49
43 49
42 49
41 49
40 49
39 49
38 49
37 49
36 49
35 49
34 49
33 49
32 49
31 49
33 48
33 47
34 47
35 47
36 47
37 47
38 47
39 47
39 46
39 45
38 45
37 45
39 44
39 43
38 43
37 43
36 43
35 43
35 44
35 45
32 47
31 47
33 46
33 45
33 44
33 43
32 43
31 43
31 44
31 45
30 45
29 45
30 43
29 43
28 43
27 43
27 44
27 45
27 46
27 47
28 47
29 47
29 48
29 49
28 49
27 49
26 49
25 49
24 49
23 49
26 45
25 45
25 46
25 47
24 47
23 47
22 47
21 47
23 46
23 45
22 45
21 45
26 43
25 43
41 48
41 47
43 48
43 47
46 45
45 45
44 45
43 45
42 45
41 45
41 44
41 43
42 43
43 43
47 44
47 43
48 43
49 43
49 44
49 42
49 41
48 41
47 41
46 41
45 41
45 42
45 43
44 41
43 41
42 41
41 41
41 40
41 39
41 38
41 37
42 37
43 37
43 38
43 39
45 40
45 39
46 39
47 39
45 38
45 37
46 37
47 37
47 36
47 35
46 35
45 35
44 35
43 35
42 35
41 35
40 35
39 35
39 36
39 37
39 38
39 39
38 39
37 39
37 40
37 41
38 41
39 41
36 39
35 39
35 40
35 41
34 41
33 41
37 38
37 37
38 35
37 35
39 34
39 33
41 34
41 33
41 32
41 31
41 30
41 29
42 29
43 29
44 29
45 29
43 28
43 27
42 27
41 27
43 26
43 25
42 25
41 25
40 25
39 25
39 26
39 27
39 28
39 29
39 30
39 31
38 29
37 29
37 30
37 31
37 32
37 33
36 31
35 31
34 31
33 31
33 32
33 33
34 33
35 33
35 34
35 35
35 36
35 37
34 37
33 37
33 38
33 39
32 37
31 37
30 37
29 37
29 38
29 39
29 40
29 41
30 41
31 41
30 39
31 39
28 39
27 39
27 40
27 41
26 39
25 39
24 39
23 39
23 38
23 37
24 37
25 37
22 37
21 37
21 38
21 39
21 40
21 41
21 42
21 43
22 41
23 41
23 42
23 43
24 41
25 41
20 39
19 39
18 39
17 39
17 40
17 41
17 42
17 43
17 44
17 45
18 45
19 45
19 46
19 47
18 47
17 47
16 47
15 47
15 48
15 49
16 49
17 49
18 49
19 49
20 49
21 49
14 47
13 47
13 48
13 49
12 47
11 47
11 48
11 49
10 49
9 49
10 47
9 47
9 46
9 45
8 45
7 45
7 46
7 47
6 45
5 45
4 45
3 45
3 46
3 47
3 48
3 49
2 49
1 49
4 47
5 47
5 48
5 49
6 49
7 49
2 45
1 45
1 46
1 47
1 44
1 43
3 44
3 43
3 42
3 41
2 41
1 41
1 40
1 39
2 39
3 39
4 39
5 39
3 38
3 37
4 37
5 37
5 36
5 35
5 34
5 33
6 33
7 33
5 32
5 31
6 31
7 31
7 30
7 29
8 29
9 29
9 30
9 31
9 32
9 33
10 29
11 29
11 30
11 31
12 31
13 31
13 32
13 33
12 33
11 33
13 30
13 29
5 30
5 29
4 29
3 29
2 29
1 29
1 28
1 27
3 28
3 27
4 27
5 27
3 26
3 25
2 25
1 25
1 24
1 23
2 23
3 23
4 23
5 23
5 24
5 25
3 22
3 21
4 21
5 21
5 20
5 19
5 18
5 17
2 21
1 21
1 20
1 19
2 19
3 19
1 18
1 17
1 16
1 15
1 14
1 13
1 12
1 11
2 11
3 11
1 38
1 37
1 36
1 35
1 34
1 33
2 33
3 33
3 34
3 35
1 32
1 31
2 31
3 31
5 44
5 43
5 42
5 41
6 41
7 41
7 42
7 43
8 41
9 41
10 41
11 41
11 40
11 39
10 39
9 39
8 39
7 39
7 38
7 37
7 36
7 35
15 46
15 45
18 43
19 43
16 43
15 43
14 43
13 43
12 43
11 43
11 44
11 45
12 45
13 45
10 43
9 43
13 42
13 41
14 41
15 41
18 41
19 41
16 39
15 39
19 38
19 37
18 37
17 37
16 37
15 37
14 37
13 37
13 38
13 39
15 36
15 35
14 35
13 35
12 35
11 35
11 36
11 37
10 37
9 37
10 35
9 35
19 36
19 35
19 34
19 33
20 33
21 33
21 34
21 35
22 33
23 33
23 32
23 31
24 31
25 31
25 32
25 33
26 31
27 31
28 31
29 31
23 30
23 29
24 29
25 29
26 29
27 29
28 29
29 29
29 28
29 27
29 26
29 25
29 24
29 23
30 23
31 23
31 24
31 25
31 26
31 27
31 28
31 29
32 29
33 29
32 23
33 23
33 24
33 25
31 22
31 21
30 21
29 21
29 20
29 19
30 19
31 19
29 18
29 17
28 17
27 17
26 17
25 17
25 18
25 19
25 20
25 21
26 21
27 21
24 21
23 21
23 20
23 19
22 19
21 19
21 20
21 21
21 22
21 23
22 23
23 23
20 23
19 23
20 19
19 19
19 20
19 21
18 21
17 21
17 22
17 23
17 20
17 19
23 18
23 17
22 17
21 17
20 17
19 17
18 17
17 17
21 16
21 15
22 15
23 15
24 15
25 15
26 15
27 15
28 15
29 15
30 15
31 15
31 14
31 13
32 13
33 13
33 14
33 15
33 16
33 17
33 18
33 19
34 19
35 19
35 18
35 17
32 17
31 17
34 15
35 15
36 15
37 15
37 16
37 17
37 18
37 19
38 19
39 19
39 20
39 21
38 21
37 21
36 21
35 21
35 22
35 23
35 24
35 25
36 23
37 23
37 24
37 25
37 26
37 27
36 27
35 27
34 27
33 27
38 23
39 23
34 21
33 21
40 19
41 19
39 18
39 17
37 14
37 13
38 13
39 13
40 13
41 13
41 14
41 15
41 16
41 17
40 15
39 15
42 13
43 13
44 13
45 13
46 13
47 13
47 14
47 15
47 16
47 17
48 17
49 17
49 18
49 19
49 20
49 21
49 22
49 23
49 24
49 25
49 26
49 27
49 28
49 29
49 30
49 31
49 32
49 33
49 34
49 35
49 36
49 37
49 38
49 39
49 40
48 31
47 31
46 31
45 31
45 32
45 33
46 33
47 33
47 34
48 29
47 29
47 28
47 27
46 27
45 27
48 25
47 25
46 25
45 25
48 23
47 23
46 23
45 23
44 23
43 23
45 22
45 21
45 20
45 19
44 19
43 19
43 20
43 21
42 21
41 21
45 18
45 17
46 17
44 17
43 17
43 16
43 15
44 15
45 15
47 22
47 21
48 19
47 19
49 16
49 15
49 14
49 13
49 12
49 11
48 11
47 11
49 10
49 9
49 8
49 7
48 7
47 7
47 8
47 9
46 7
45 7
44 7
43 7
43 8
43 9
43 10
43 11
44 9
45 9
45 10
45 11
45 12
43 6
43 5
45 6
45 5
47 6
47 5
49 6
49 5
49 4
49 3
48 3
47 3
46 3
45 3
45 2
45 1
46 1
47 1
48 1
49 1
49 2
44 1
43 1
42 1
41 1
41 2
41 3
42 3
43 3
40 1
39 1
tp
49 49
49 48
49 47
49 46
49 45
48 45
47 45
47 44
47 43
48 43
49 43
49 42
49 41
48 41
47 41
46 41
45 41
45 40
45 39
45 38
45 37
46 37
47 37
47 36
47 35
46 35
45 35
44 35
43 35
42 35
41 35
41 34
41 33
41 32
41 31
41 30
41 29
42 29
43 29
43 28
43 27
43 26
43 25
42 25
41 25
40 25
39 25
39 26
39 27
39 28
39 29
38 29
37 29
37 30
37 31
36 31
35 31
34 31
33 31
33 32
33 33
34 33
35 33
35 34
35 35
35 36
35 37
34 37
33 37
32 37
31 37
30 37
29 37
29 38
29 39
28 39
27 39
26 39
25 39
24 39
23 39
23 38
23 37
22 37
21 37
21 38
21 39
20 39
19 39
19 38
19 37
19 36
19 35
19 34
19 33
20 33
21 33
22 33
23 33
23 32
23 31
23 30
23 29
24 29
25 29
26 29
27 29
28 29
29 29
29 28
29 27
29 26
29 25
29 24
29 23
30 23
31 23
31 22
31 21
30 21
29 21
29 20
29 19
29 18
29 17
28 17
27 17
26 17
25 17
25 18
25 19
25 20
25 21
24 21
23 21
23 20
23 19
23 18
23 17
22 17
21 17
21 16
21 15
22 15
23 15
24 15
25 15
26 15
27 15
28 15
29 15
30 15
31 15
31 14
31 13
32 13
33 13
33 14
33 15
34 15
35 15
36 15
37 15
37 14
37 13
38 13
39 13
40 13
41 13
42 13
43 13
44 13
45 13
46 13
47 13
47 14
47 15
47 16
47 17
48 17
49 17
49 16
49 15
49 14
49 13
49 12
49 11
49 10
49 9
49 8
49 7
49 6
49 5
49 4
49 3
48 3
47 3
46 3
45 3
45 2
45 1
44 1
43 1
42 1
41 1
40 1
39 1
