49 49
48 49
49 48
47 49
49 47
49 46
49 45
48 45
49 44
47 45
49 43
47 46
46 45
47 44
48 43
49 42
47 47
45 45
47 43
49 41
46 47
44 45
48 41
49 40
45 47
43 45
47 41
49 39
45 48
42 45
46 41
49 38
45 49
41 45
45 41
49 37
44 49
41 44
45 42
44 41
45 40
49 36
43 49
41 43
45 43
43 41
45 39
49 35
42 49
43 48
42 43
42 41
46 39
45 38
49 34
41 49
43 47
43 43
41 41
47 39
45 37
49 33
40 49
41 48
41 40
46 37
49 32
39 49
41 47
41 39
47 37
49 31
38 49
41 38
47 36
48 31
49 30
37 49
41 37
47 35
47 31
49 29
36 49
42 37
46 35
47 34
46 31
48 29
49 28
35 49
43 37
45 35
47 33
45 31
47 29
49 27
34 49
43 38
44 35
46 33
45 32
47 28
49 26
33 49
43 39
43 35
45 33
47 27
49 25
32 49
33 48
42 35
43 34
46 27
48 25
49 24
31 49
33 47
41 35
43 33
45 27
47 25
49 23
34 47
32 47
33 46
40 35
41 34
43 32
46 25
48 23
49 22
35 47
31 47
33 45
39 35
41 33
43 31
45 25
47 23
49 21
36 47
33 44
39 36
38 35
39 34
41 32
46 23
47 22
49 20
37 47
33 43
39 37
37 35
39 33
41 31
45 23
47 21
49 19
38 47
32 43
39 38
41 30
44 23
45 22
48 19
49 18
39 47
31 43
39 39
41 29
43 23
45 21
47 19
49 17
39 46
31 44
30 43
38 39
42 29
45 20
48 17
49 16
39 45
31 45
29 43
37 39
43 29
45 19
47 17
49 15
38 45
39 44
30 45
28 43
37 40
36 39
37 38
44 29
43 28
44 19
45 18
46 17
47 16
49 14
37 45
39 43
29 45
27 43
37 41
35 39
37 37
45 29
43 27
43 19
45 17
47 15
49 13
38 43
27 44
26 43
38 41
35 40
42 27
43 26
43 20
44 17
47 14
49 12
37 43
27 45
25 43
39 41
35 41
41 27
43 25
43 21
43 17
47 13
49 11
36 43
27 46
26 45
34 41
42 25
42 21
43 16
46 13
48 11
49 10
35 43
27 47
25 45
33 41
41 25
41 21
43 15
45 13
47 11
49 9
35 44
28 47
25 46
40 25
41 24
44 15
44 13
45 12
49 8
35 45
29 47
25 47
39 25
41 23
45 15
43 13
45 11
49 7
29 48
24 47
39 26
42 13
45 10
48 7
49 6
29 49
23 47
39 27
41 13
45 9
47 7
49 5
28 49
22 47
23 46
39 28
41 14
40 13
41 12
44 9
47 8
46 7
47 6
49 4
27 49
21 47
23 45
39 29
41 15
39 13
41 11
43 9
47 9
45 7
47 5
49 3
26 49
22 45
39 30
38 29
41 16
40 15
38 13
39 12
41 10
43 10
43 8
44 7
45 6
48 3
49 2
25 49
21 45
39 31
37 29
41 17
39 15
37 13
39 11
41 9
43 11
43 7
45 5
47 3
49 1
24 49
37 30
37 14
36 13
38 11
40 9
41 8
43 6
46 3
48 1
23 49
37 31
37 15
35 13
37 11
39 9
41 7
43 5
45 3
47 1
37 32
36 31
37 16
36 15
35 12
40 7
41 6
45 2
46 1
37 33
35 31
37 17
35 15
35 11
39 7
41 5
45 1
34 31
35 30
37 18
34 15
35 10
38 7
44 1
33 31
35 29
37 19
33 15
35 9
37 7
43 1
33 32
32 31
38 19
33 16
33 14
36 9
34 9
35 8
37 6
42 1
33 33
31 31
39 19
33 17
33 13
37 9
33 9
35 7
37 5
41 1
34 33
32 33
39 20
40 19
39 18
33 18
32 17
32 13
33 10
33 8
38 5
36 5
41 2
40 1
35 33
31 33
39 21
41 19
39 17
33 19
31 17
31 13
33 11
33 7
39 5
35 5
41 3
39 1
