49 49
48 49
49 48
47 49
49 47
49 46
49 45
48 45
47 45
47 46
46 45
47 44
49 44
47 47
46 47
45 47
45 48
45 49
44 49
43 49
42 49
41 49
40 49
39 49
38 49
37 49
41 48
36 49
35 49
43 48
34 49
33 49
32 49
33 48
31 49
49 43
48 43
49 42
49 41
48 41
47 41
46 41
45 41
45 42
44 41
45 40
49 40
45 43
49 39
49 38
49 37
49 36
49 35
49 34
49 33
49 32
49 31
48 31
47 31
46 31
45 31
45 32
45 33
49 30
46 33
47 33
47 34
47 35
47 36
46 35
47 37
46 37
45 37
45 38
49 29
48 29
47 29
47 28
47 27
46 27
45 27
49 28
49 27
49 26
49 25
48 25
47 25
46 25
45 25
49 24
49 23
48 23
47 23
46 23
45 23
44 23
43 23
45 22
47 22
49 22
45 21
45 20
45 19
44 19
43 19
43 20
45 18
43 21
42 21
41 21
45 17
46 17
44 17
47 17
48 17
47 16
49 17
49 18
49 16
49 19
49 20
48 19
43 17
43 16
43 15
44 15
45 15
47 15
47 14
47 13
46 13
45 13
44 13
43 13
42 13
41 13
41 14
40 13
41 12
41 15
45 12
41 16
40 15
41 17
39 13
38 13
39 12
37 13
37 14
36 13
37 15
37 16
36 15
37 17
37 18
39 11
38 11
37 11
37 19
45 11
45 10
45 9
44 9
43 9
43 10
43 8
43 11
43 7
44 7
43 6
45 7
46 7
45 6
47 7
47 8
48 7
47 6
43 5
47 9
45 5
49 7
49 8
49 6
49 9
49 10
49 11
49 12
48 11
49 13
49 14
49 5
49 4
49 3
48 3
47 3
46 3
45 3
45 2
45 1
46 1
44 1
47 1
48 1
43 1
42 1
41 1
41 2
40 1
41 3
39 1
tp
49 49
49 48
49 47
49 46
49 45
49 44
49 43
49 42
49 41
49 40
49 39
49 38
49 37
49 36
49 35
49 34
49 33
49 32
49 31
49 30
49 29
49 28
49 27
49 26
49 25
49 24
49 23
48 23
47 23
46 23
45 23
45 22
45 21
45 20
45 19
45 18
45 17
46 17
47 17
47 16
47 15
47 14
47 13
46 13
45 13
45 12
45 11
45 10
45 9
44 9
43 9
43 8
43 7
44 7
45 7
46 7
47 7
48 7
49 7
49 6
49 5
49 4
49 3
48 3
47 3
46 3
45 3
45 2
45 1
44 1
43 1
42 1
41 1
40 1
39 1
