9 1
9 2
8 1
8 2
7 2
7 3
7 4
7 5
8 5
9 5
9 6
9 7
9 8
9 9
9 10
9 11
9 12
9 13
9 14
8 11
8 10
8 8
8 7
9 4
8 4
7 11
6 11
5 11
6 10
5 12
5 13
5 14
5 15
5 16
5 17
4 17
3 17
3 16
4 16
6 14
6 13
5 10
7 14
7 13
7 10
5 9
5 8
4 8
5 7
3 8
4 7
2 8
3 7
1 8
2 7
1 9
1 10
1 11
1 12
1 13
1 14
1 15
1 16
1 17
1 18
1 19
1 20
1 21
1 22
1 23
1 24
1 25
1 26
2 20
2 19
3 20
3 21
3 22
3 23
3 24
3 25
3 26
3 27
3 28
3 29
2 29
2 28
4 26
1 29
4 25
4 23
5 26
5 27
5 28
5 29
4 22
1 28
5 25
4 20
5 23
6 23
7 23
7 24
7 25
7 26
8 26
9 26
9 27
9 28
9 29
9 30
10 30
tp
9 2
8 2
7 2
7 3
7 4
7 5
8 5
9 5
9 6
9 7
9 8
9 9
9 10
9 11
8 11
7 11
6 11
5 11
5 10
5 9
5 8
4 8
3 8
2 8
1 8
1 9
1 10
1 11
1 12
1 13
1 14
1 15
1 16
1 17
1 18
1 19
1 20
2 20
3 20
3 21
3 22
3 23
4 23
5 23
6 23
7 23
7 24
7 25
7 26
8 26
9 26
9 27
9 28
9 29
9 30
10 30
