9 1
9 2
8 1
8 2
7 1
7 2
6 1
7 3
6 2
5 1
7 4
5 2
7 5
8 4
5 3
8 5
9 4
5 4
9 5
5 5
9 6
9 7
9 8
8 7
9 9
8 8
7 7
9 10
7 8
9 11
8 10
9 12
8 11
7 10
9 13
7 11
6 10
9 14
6 11
5 10
5 11
5 9
5 12
5 8
5 13
4 8
5 7
5 14
6 13
3 8
4 7
5 15
6 14
7 13
2 8
3 7
5 16
7 14
1 8
2 7
5 17
4 16
1 9
1 7
4 17
3 16
1 10
1 6
3 17
1 11
2 10
1 5
1 12
2 11
3 10
1 4
1 13
3 11
1 3
1 14
2 13
1 2
1 15
2 14
3 13
2 2
0 2
1 1
1 16
3 14
3 2
2 1
0 1
1 0
1 17
3 3
3 1
0 0
1 18
3 4
1 19
3 5
1 20
2 19
1 21
2 20
3 19
1 22
3 20
4 19
1 23
3 21
4 20
5 19
1 24
3 22
5 20
1 25
3 23
4 22
1 26
3 24
4 23
5 22
3 25
5 23
6 22
3 26
4 25
6 23
7 22
3 27
4 26
5 25
7 23
8 22
7 21
3 28
5 26
7 24
8 23
9 22
7 20
3 29
2 28
5 27
7 25
9 23
9 21
7 19
2 29
1 28
5 28
7 26
8 25
9 20
7 18
1 29
5 29
8 26
9 25
9 19
7 17
9 26
8 17
7 16
9 27
9 17
8 16
9 28
9 16
9 29
10 28
8 28
9 30
10 29
8 29
7 28
tp
9 1
9 2
8 2
7 2
7 3
7 4
7 5
8 5
9 5
9 6
9 7
9 8
9 9
9 10
8 10
7 10
6 10
5 10
5 9
5 8
4 8
3 8
2 8
1 8
1 9
1 10
1 11
1 12
1 13
1 14
1 15
1 16
1 17
1 18
1 19
1 20
2 20
3 20
3 21
3 22
3 23
4 23
5 23
6 23
7 23
7 24
7 25
7 26
8 26
9 26
9 27
9 28
9 29
9 30
10 30
