0 0
1 0
1 1
2 1
3 1
3 2
3 3
2 3
1 3
4 1
5 1
5 2
5 3
5 4
5 5
6 5
7 5
7 6
7 7
7 8
7 9
6 9
5 9
5 8
5 7
8 5
4 7
3 7
3 8
3 9
2 9
1 9
2 7
6 1
9 5
10 5
11 5
11 6
11 7
10 7
9 7
9 8
9 9
10 9
11 9
11 10
11 11
1 7
1 6
1 5
2 5
3 5
7 1
7 2
7 3
8 3
9 3
9 2
9 1
10 1
11 1
11 2
11 3
12 3
13 3
12 1
13 1
14 1
15 1
15 2
15 3
15 4
15 5
15 6
15 7
16 7
17 7
17 8
17 9
17 10
17 11
17 12
17 13
18 11
16 11
17 6
14 7
14 5
16 3
16 1
19 11
19 12
19 13
20 13
21 13
21 12
21 11
22 11
23 11
23 12
23 13
23 14
23 15
24 15
25 15
26 15
27 15
28 15
29 15
30 15
31 15
31 14
31 13
29 14
32 13
33 13
33 14
33 15
33 16
33 17
33 18
33 19
34 19
35 19
35 18
35 17
32 17
34 15
31 12
25 14
22 15
24 11
23 10
31 17
35 15
36 15
37 15
37 16
37 17
37 18
37 19
38 19
39 19
39 20
39 21
38 21
37 21
36 21
35 21
35 22
35 23
35 24
35 25
36 23
34 21
40 19
39 18
37 14
37 23
37 24
37 25
37 26
37 27
36 27
35 27
34 27
33 27
38 23
39 23
41 19
33 21
37 13
38 13
39 13
40 13
41 13
41 14
41 15
41 16
41 17
40 15
42 13
41 12
39 12
36 13
39 15
43 13
44 13
45 13
46 13
47 13
47 14
47 15
47 16
47 17
48 17
49 17
49 18
49 19
49 20
49 21
48 19
49 16
46 17
45 12
47 19
49 15
49 14
49 13
49 12
49 11
48 11
49 10
47 11
45 17
45 18
45 19
45 20
45 21
45 22
45 23
46 23
47 23
48 23
49 23
47 22
44 23
44 19
44 17
43 23
47 21
43 19
43 20
43 21
42 21
41 21
43 17
43 16
43 15
44 15
45 15
45 11
45 10
45 9
44 9
43 9
43 10
43 11
43 8
39 11
38 11
37 11
35 13
35 12
35 11
35 10
35 9
36 9
37 9
34 9
35 8
49 9
39 17
29 13
29 12
29 11
28 11
27 11
43 7
44 7
45 7
46 7
47 7
47 8
47 9
48 7
47 6
45 6
43 6
31 11
31 10
31 9
30 9
29 9
28 9
27 9
26 9
25 9
49 7
49 6
49 5
25 13
26 13
27 13
33 9
33 10
33 11
33 8
45 5
43 5
21 15
21 16
21 17
22 17
23 17
23 18
23 19
23 20
23 21
24 21
25 21
26 21
27 21
25 20
22 19
20 17
20 15
25 19
26 19
27 19
25 18
25 17
26 17
27 17
28 17
29 17
29 18
29 19
29 20
29 21
30 21
31 21
31 22
31 23
31 24
31 25
31 26
31 27
31 28
31 29
32 29
33 29
32 23
30 23
30 19
33 23
33 24
33 25
31 19
29 23
29 24
29 25
29 26
29 27
29 28
29 29
28 29
27 29
26 29
25 29
24 29
23 29
23 30
23 31
23 32
23 33
22 33
21 33
24 31
21 34
21 35
20 33
23 28
25 31
25 32
25 33
26 31
27 31
28 31
29 31
19 33
19 34
19 35
19 36
19 37
19 38
19 39
20 39
21 39
21 40
21 41
21 42
21 43
22 41
21 38
18 39
18 37
19 32
23 41
23 42
23 43
24 41
25 41
21 37
22 37
23 37
23 38
23 39
24 39
25 39
26 39
27 39
27 40
27 41
28 39
24 37
23 36
29 39
29 40
29 41
30 41
31 41
29 38
30 39
31 39
29 37
30 37
31 37
32 37
33 37
33 38
33 39
34 37
31 36
35 37
35 36
35 35
35 34
35 33
34 33
33 33
32 33
33 32
31 33
31 35
32 35
33 35
30 35
29 35
29 34
29 33
33 31
34 31
35 31
36 31
37 31
37 32
37 33
37 30
35 30
32 31
37 29
38 29
39 29
39 30
39 31
39 28
39 27
39 26
39 25
40 25
41 25
42 25
43 25
43 26
43 27
43 28
43 29
44 29
45 29
42 29
42 27
41 24
41 29
41 30
41 31
41 32
41 33
41 34
41 35
42 35
43 35
44 35
45 35
46 35
47 35
47 36
47 37
46 37
45 37
45 38
45 39
45 40
45 41
45 42
45 43
46 41
44 41
46 39
47 41
48 41
49 41
49 42
49 43
48 43
47 43
47 44
47 45
47 46
47 47
46 47
45 47
48 45
46 45
45 48
45 49
44 49
43 49
42 49
43 48
49 45
49 46
49 47
49 48
49 49
50 49
50 50
tp
0 0
1 0
1 1
2 1
3 1
4 1
5 1
6 1
7 1
7 2
7 3
8 3
9 3
9 2
9 1
10 1
11 1
12 1
13 1
14 1
15 1
15 2
15 3
15 4
15 5
15 6
15 7
16 7
17 7
17 8
17 9
17 10
17 11
18 11
19 11
19 12
19 13
20 13
21 13
21 12
21 11
22 11
23 11
23 12
23 13
23 14
23 15
22 15
21 15
21 16
21 17
22 17
23 17
23 18
23 19
23 20
23 21
24 21
25 21
25 20
25 19
25 18
25 17
26 17
27 17
28 17
29 17
29 18
29 19
29 20
29 21
30 21
31 21
31 22
31 23
30 23
29 23
29 24
29 25
29 26
29 27
29 28
29 29
28 29
27 29
26 29
25 29
24 29
23 29
23 30
23 31
23 32
23 33
22 33
21 33
20 33
19 33
19 34
19 35
19 36
19 37
19 38
19 39
20 39
21 39
21 38
21 37
22 37
23 37
23 38
23 39
24 39
25 39
26 39
27 39
28 39
29 39
29 38
29 37
30 37
31 37
32 37
33 37
34 37
35 37
35 36
35 35
35 34
35 33
34 33
33 33
33 32
33 31
34 31
35 31
36 31
37 31
37 30
37 29
38 29
39 29
39 28
39 27
39 26
39 25
40 25
41 25
42 25
43 25
43 26
43 27
43 28
43 29
42 29
41 29
41 30
41 31
41 32
41 33
41 34
41 35
42 35
43 35
44 35
45 35
46 35
47 35
47 36
47 37
46 37
45 37
45 38
45 39
45 40
45 41
46 41
47 41
48 41
49 41
49 42
49 43
48 43
47 43
47 44
47 45
48 45
49 45
49 46
49 47
49 48
49 49
50 49
50 50
