0 0
1 0
1 1
2 1
3 1
3 2
4 1
3 3
5 1
2 3
5 2
6 1
1 3
5 3
7 1
5 4
7 2
5 5
7 3
6 5
8 3
7 5
9 3
7 6
8 5
9 2
7 7
9 5
9 1
7 8
10 5
10 1
7 9
11 5
11 1
6 9
11 6
11 2
12 1
5 9
11 7
11 3
13 1
5 8
10 7
12 3
14 1
5 7
9 7
13 3
15 1
4 7
9 8
15 2
16 1
3 7
9 9
15 3
17 1
3 8
2 7
10 9
15 4
16 3
3 9
1 7
11 9
15 5
17 3
2 9
1 6
11 10
15 6
14 5
1 9
1 5
11 11
15 7
13 5
2 5
16 7
14 7
3 5
17 7
13 7
17 8
17 6
13 8
17 9
17 5
13 9
17 10
18 5
14 9
17 11
19 5
15 9
17 12
18 11
16 11
19 6
20 5
17 13
19 11
15 11
19 7
21 5
19 12
15 12
19 8
22 5
19 13
15 13
19 9
23 5
20 13
23 6
24 5
23 4
21 13
23 7
25 5
23 3
21 12
24 7
22 7
26 5
24 3
23 2
21 11
25 7
21 7
27 5
25 3
23 1
22 11
26 7
28 5
27 4
25 2
22 1
23 11
27 7
29 5
27 3
25 1
21 1
23 12
24 11
23 10
29 6
26 1
21 2
20 1
23 13
25 11
23 9
29 7
27 1
21 3
19 1
23 14
22 9
30 7
28 1
20 3
23 15
21 9
31 7
29 1
19 3
24 15
22 15
31 6
29 2
30 1
25 15
21 15
31 5
29 3
31 1
26 15
25 14
21 16
20 15
30 3
27 15
25 13
21 17
19 15
31 3
28 15
26 13
22 17
20 17
18 15
29 15
27 13
23 17
19 17
17 15
30 15
29 14
23 18
18 17
31 15
29 13
23 19
17 17
31 14
29 12
23 20
22 19
31 13
29 11
23 21
21 19
32 13
31 12
28 11
24 21
21 20
20 19
33 13
31 11
27 11
25 21
21 21
19 19
33 14
31 10
26 21
25 20
21 22
19 20
33 15
31 9
27 21
25 19
21 23
19 21
33 16
34 15
30 9
26 19
25 18
22 23
20 23
18 21
33 17
35 15
29 9
27 19
25 17
23 23
19 23
17 21
33 18
32 17
36 15
28 9
26 17
17 22
17 20
33 19
31 17
37 15
27 9
27 17
17 23
17 19
34 19
37 16
37 14
26 9
28 17
35 19
37 17
37 13
25 9
29 17
35 18
37 18
38 13
36 13
29 18
35 17
37 19
39 13
35 13
29 19
38 19
40 13
39 12
35 12
29 20
30 19
39 19
41 13
39 11
35 11
29 21
31 19
39 20
40 19
39 18
41 14
42 13
41 12
38 11
35 10
30 21
39 21
41 19
39 17
41 15
43 13
41 11
37 11
35 9
31 21
38 21
41 16
40 15
44 13
41 10
36 9
34 9
35 8
31 22
37 21
41 17
39 15
45 13
41 9
37 9
33 9
35 7
31 23
36 21
46 13
45 12
40 9
41 8
33 10
33 8
31 24
32 23
30 23
35 21
47 13
45 11
39 9
41 7
33 11
33 7
31 25
33 23
29 23
35 22
34 21
47 14
45 10
40 7
41 6
31 26
33 24
29 24
35 23
33 21
47 15
45 9
39 7
41 5
31 27
33 25
29 25
35 24
36 23
47 16
44 9
38 7
31 28
29 26
35 25
37 23
47 17
43 9
37 7
31 29
29 27
37 24
38 23
48 17
46 17
43 10
43 8
37 6
32 29
29 28
37 25
39 23
49 17
45 17
43 11
43 7
37 5
33 29
29 29
37 26
49 18
49 16
45 18
44 17
44 7
43 6
38 5
36 5
28 29
37 27
49 19
49 15
45 19
43 17
45 7
43 5
39 5
35 5
27 29
36 27
49 20
48 19
49 14
45 20
44 19
43 16
46 7
45 6
39 4
34 5
35 4
26 29
35 27
49 21
47 19
49 13
45 21
43 19
43 15
47 7
45 5
39 3
33 5
35 3
25 29
34 27
49 12
45 22
43 20
44 15
47 8
48 7
47 6
39 2
34 3
35 2
24 29
33 27
49 11
45 23
43 21
45 15
47 9
49 7
47 5
39 1
33 3
35 1
23 29
48 11
49 10
46 23
44 23
42 21
49 6
40 1
36 1
34 1
23 30
23 28
47 11
49 9
47 23
43 23
41 21
49 5
41 1
37 1
33 1
23 31
23 27
48 23
47 22
41 2
42 1
37 2
23 32
24 31
24 27
23 26
49 23
47 21
41 3
43 1
37 3
23 33
25 31
25 27
23 25
42 3
44 1
22 33
25 32
26 31
24 25
22 25
43 3
45 1
21 33
25 33
27 31
25 25
21 25
45 2
46 1
21 34
20 33
28 31
26 25
25 24
20 25
45 3
47 1
21 35
19 33
29 31
27 25
25 23
19 25
46 3
48 1
19 34
19 32
27 26
26 23
47 3
49 1
19 35
19 31
27 27
27 23
48 3
19 36
20 31
19 30
49 3
19 37
21 31
19 29
19 38
18 37
20 29
19 28
19 39
17 37
21 29
19 27
20 39
18 39
16 37
21 28
18 27
21 39
17 39
15 37
21 27
17 27
21 40
21 38
17 40
16 39
14 37
15 36
17 28
17 26
21 41
21 37
17 41
15 39
13 37
15 35
17 29
17 25
21 42
22 41
22 37
17 42
18 41
13 38
14 35
17 30
16 29
16 25
21 43
23 41
23 37
17 43
19 41
13 39
13 35
17 31
15 29
15 25
23 42
24 41
23 38
24 37
23 36
17 44
18 43
16 43
12 35
17 32
16 31
14 25
23 43
25 41
23 39
25 37
23 35
17 45
19 43
15 43
11 35
17 33
15 31
13 25
24 39
24 35
18 45
14 43
11 36
10 35
17 34
16 33
13 26
25 39
25 35
19 45
13 43
11 37
9 35
17 35
15 33
13 27
26 39
26 35
19 46
12 43
13 42
10 37
14 27
12 27
27 39
27 35
19 47
11 43
13 41
9 37
15 27
11 27
27 40
28 39
27 36
27 34
18 47
11 44
10 43
14 41
10 27
11 26
27 41
29 39
27 37
27 33
17 47
11 45
9 43
15 41
9 27
11 25
29 40
30 39
29 38
16 47
12 45
8 27
29 41
31 39
29 37
15 47
13 45
7 27
30 41
30 37
15 48
14 47
15 46
7 26
31 41
31 37
15 49
13 47
15 45
7 25
32 37
31 36
16 49
13 48
12 47
8 25
7 24
33 37
31 35
17 49
13 49
11 47
9 25
7 23
33 38
34 37
32 35
30 35
18 49
11 48
10 47
9 24
33 39
35 37
33 35
29 35
19 49
11 49
9 47
9 23
35 36
29 34
20 49
10 49
9 46
9 22
35 35
29 33
21 49
9 49
9 45
9 21
35 34
8 45
8 21
35 33
7 45
7 21
34 33
7 46
6 45
7 20
33 33
7 47
5 45
7 19
32 33
33 32
4 45
5 44
8 19
31 33
33 31
3 45
5 43
9 19
34 31
32 31
3 46
2 45
3 44
5 42
9 18
35 31
31 31
3 47
1 45
3 43
5 41
9 17
36 31
35 30
3 48
4 47
1 46
1 44
3 42
6 41
9 16
37 31
35 29
3 49
5 47
1 47
1 43
3 41
7 41
9 15
37 32
37 30
2 49
5 48
2 41
7 42
8 41
10 15
8 15
37 33
37 29
1 49
5 49
1 41
7 43
9 41
11 15
7 15
38 29
6 49
1 40
10 41
11 16
11 14
7 16
7 14
39 29
7 49
1 39
11 41
11 17
11 13
7 17
7 13
39 30
39 28
2 39
1 38
11 40
11 18
10 13
6 13
7 12
39 31
39 27
3 39
1 37
11 39
11 19
9 13
5 13
7 11
39 26
4 39
3 38
1 36
10 39
12 19
5 14
4 13
5 12
8 11
39 25
5 39
3 37
1 35
9 39
13 19
5 15
3 13
5 11
9 11
40 25
4 37
1 34
8 39
14 19
13 18
4 15
41 25
5 37
1 33
7 39
15 19
13 17
3 15
42 25
41 24
5 36
2 33
1 32
7 38
15 20
15 18
3 16
43 25
41 23
5 35
3 33
1 31
7 37
15 21
15 17
3 17
43 26
5 34
3 34
2 31
7 36
14 21
15 16
43 27
5 33
3 35
3 31
7 35
13 21
15 15
43 28
42 27
6 33
5 32
13 22
12 21
14 15
43 29
41 27
7 33
5 31
13 23
11 21
13 15
44 29
42 29
6 31
5 30
14 23
12 23
13 14
45 29
41 29
7 31
5 29
15 23
11 23
13 13
41 30
7 30
4 29
13 12
41 31
7 29
3 29
13 11
41 32
8 29
2 29
3 28
41 33
9 29
1 29
3 27
41 34
9 30
10 29
1 28
4 27
3 26
41 35
9 31
11 29
1 27
5 27
3 25
42 35
40 35
9 32
11 30
2 25
43 35
39 35
9 33
11 31
1 25
44 35
43 34
39 36
38 35
39 34
12 31
1 24
45 35
43 33
39 37
37 35
39 33
13 31
1 23
46 35
43 32
39 38
13 32
13 30
2 23
47 35
43 31
39 39
13 33
13 29
3 23
47 36
47 34
38 39
12 33
4 23
3 22
47 37
47 33
37 39
11 33
5 23
3 21
46 37
46 33
37 40
36 39
37 38
5 24
4 21
2 21
45 37
45 33
37 41
35 39
37 37
5 25
5 21
1 21
45 38
45 32
38 41
35 40
5 20
1 20
45 39
45 31
39 41
35 41
5 19
1 19
45 40
46 39
46 31
34 41
5 18
2 19
1 18
45 41
47 39
47 31
33 41
5 17
3 19
1 17
45 42
46 41
44 41
48 31
1 16
45 43
47 41
43 41
49 31
1 15
48 41
42 41
49 32
49 30
1 14
49 41
41 41
49 33
49 29
1 13
49 42
49 40
41 40
48 29
49 28
1 12
49 43
49 39
41 39
47 29
49 27
1 11
48 43
49 38
41 38
47 28
49 26
2 11
47 43
49 37
41 37
47 27
49 25
3 11
47 44
49 36
42 37
46 27
48 25
47 45
49 35
43 37
45 27
47 25
47 46
48 45
46 45
43 38
46 25
47 47
49 45
45 45
43 39
45 25
46 47
49 46
44 45
45 47
49 47
43 45
45 48
49 48
42 45
45 49
49 49
41 45
44 49
50 49
48 49
41 44
43 49
50 50
