0 0
0 1
1 0
0 2
1 1
1 2
1 3
1 4
1 5
2 4
1 6
2 5
3 4
1 7
3 5
3 3
1 8
3 2
1 9
4 2
3 1
1 10
5 2
4 1
1 11
2 10
5 3
6 2
5 1
2 11
3 10
5 4
7 2
6 1
3 11
5 5
7 3
7 1
7 4
7 5
8 4
8 5
9 4
9 5
10 4
9 3
9 6
10 5
11 4
9 2
9 7
11 5
10 2
9 1
9 8
10 7
11 2
10 1
9 9
10 8
11 7
11 1
9 10
11 8
9 11
10 10
8 10
10 11
8 11
11 10
7 10
11 11
7 11
6 10
6 11
5 10
5 11
5 9
5 12
5 8
5 13
6 8
4 8
5 7
5 14
6 13
4 13
7 8
6 7
3 8
4 7
5 15
6 14
4 14
7 13
3 13
7 7
3 7
5 16
7 14
3 14
8 13
2 13
5 17
8 14
3 15
2 14
9 13
1 13
9 14
3 16
1 14
10 13
9 15
10 14
3 17
11 13
9 16
11 14
12 13
9 17
8 16
12 14
13 13
9 18
8 17
7 16
13 14
14 13
13 12
9 19
7 17
14 14
15 13
13 11
9 20
7 18
15 14
14 11
13 10
7 19
15 11
14 10
13 9
7 20
15 10
13 8
7 21
15 9
13 7
7 22
15 8
7 23
8 22
6 22
16 8
15 7
7 24
8 23
6 23
9 22
5 22
17 8
16 7
7 25
9 23
5 23
10 22
5 21
17 9
17 7
7 26
9 24
10 23
5 24
11 22
5 20
17 10
17 6
7 27
9 25
11 23
5 25
11 21
4 20
5 19
17 11
17 5
7 28
9 26
11 24
5 26
4 25
11 20
3 20
4 19
17 4
7 29
6 28
11 25
4 26
3 25
11 19
3 21
2 20
3 19
17 3
6 29
5 28
11 26
3 26
11 18
3 22
1 20
2 19
17 2
5 29
4 28
11 27
11 17
3 23
1 21
1 19
18 2
16 2
17 1
4 29
3 28
11 28
12 17
11 16
1 22
1 18
19 2
18 1
15 2
16 1
3 29
2 28
11 29
12 28
10 28
13 17
12 16
1 23
1 17
19 3
19 1
15 3
14 2
15 1
2 29
1 28
12 29
10 29
13 28
9 28
13 16
1 16
19 4
15 4
13 2
14 1
1 29
1 27
13 29
9 29
14 28
13 27
19 5
15 5
14 4
13 1
1 26
14 29
15 28
13 26
19 6
14 5
13 4
1 25
15 29
15 27
13 25
19 7
13 5
15 26
19 8
16 26
15 25
17 26
16 25
15 24
17 27
18 26
17 25
15 23
17 28
19 26
18 25
17 24
14 23
15 22
17 29
18 28
19 25
17 23
13 23
14 22
18 29
19 28
18 23
17 22
13 22
19 29
20 28
19 23
18 22
19 30
20 29
19 22
tp
0 0
0 1
0 2
1 2
1 3
1 4
2 4
3 4
3 3
3 2
4 2
5 2
6 2
7 2
7 3
7 4
7 5
8 5
9 5
9 6
9 7
9 8
9 9
9 10
9 11
8 11
7 11
6 11
5 11
5 12
5 13
5 14
6 14
7 14
8 14
9 14
9 15
9 16
9 17
8 17
7 17
7 18
7 19
7 20
7 21
7 22
7 23
8 23
9 23
10 23
11 23
11 24
11 25
11 26
11 27
11 28
12 28
13 28
14 28
15 28
15 27
15 26
16 26
17 26
17 27
17 28
17 29
18 29
19 29
19 30
20 30
