0 0
0 1
1 0
0 2
1 1
1 2
1 3
1 4
1 5
2 4
1 6
2 5
3 4
1 7
3 5
1 8
1 9
1 10
1 11
2 10
2 11
3 10
3 11
3 3
3 2
4 2
5 2
5 3
6 2
5 4
7 2
5 5
7 3
7 4
7 5
8 4
8 5
9 4
9 5
10 4
9 6
10 5
11 4
9 7
11 5
9 8
10 7
9 9
10 8
11 7
9 10
11 8
9 11
10 10
10 11
11 10
11 11
3 1
9 3
6 1
7 1
4 1
8 10
5 1
8 11
7 10
9 2
7 11
10 2
11 2
6 11
10 1
11 1
9 1
6 10
5 11
5 10
5 12
5 13
5 14
6 13
5 15
7 13
5 16
7 14
8 13
5 17
8 14
9 13
9 14
10 13
9 15
10 14
11 13
9 16
11 14
12 13
9 17
6 14
12 14
13 13
9 18
13 14
14 13
9 19
14 14
15 13
9 20
15 14
8 16
4 13
5 9
4 14
8 17
13 12
7 16
7 17
13 11
3 14
7 18
3 15
7 19
3 16
7 20
3 17
7 21
3 13
7 22
14 11
7 23
8 22
5 8
8 23
9 22
9 23
10 22
9 24
10 23
11 22
9 25
11 23
9 26
11 24
6 8
11 25
7 8
11 26
15 11
11 27
7 24
11 28
7 25
11 29
12 28
7 26
12 29
13 28
7 27
13 29
14 28
7 28
14 29
15 28
7 29
15 29
2 14
10 28
2 13
6 29
13 27
6 7
11 21
6 22
4 8
6 23
5 7
15 10
15 27
13 10
10 29
6 28
7 7
14 10
1 14
1 13
5 22
9 28
13 9
11 20
5 29
13 26
4 7
3 8
5 28
5 23
15 9
9 29
5 24
15 26
5 25
16 26
5 26
17 26
17 27
18 26
17 28
19 26
17 29
18 28
18 29
19 28
19 29
20 28
19 30
20 29
20 30