0 0
0 1
0 2
1 2
1 3
1 4
1 5
1 6
1 7
1 8
1 9
1 10
1 11
2 11
3 11
3 10
2 10
2 10
3 10
3 11
2 11
1 11
1 10
1 9
1 8
1 7
1 6
2 5
3 5
3 4
2 4
2 4
3 3
3 2
4 2
5 2
5 3
5 4
5 5
5 5
5 4
5 3
6 2
7 2
7 3
7 4
7 5
8 5
9 5
9 6
9 7
9 8
9 9
9 10
9 11
10 11
11 11
11 10
10 10
10 10
11 10
11 11
10 11
8 11
7 11
6 11
5 11
5 12
5 13
5 14
5 15
5 16
5 17
5 17
5 16
5 15
6 14
7 14
8 14
9 14
9 15
9 16
9 17
9 18
9 19
9 20
9 20
9 19
9 18
8 17
7 17
7 18
7 19
7 20
7 21
7 22
7 23
7 24
7 25
7 26
7 27
7 28
7 29
6 29
5 29
4 29
3 29
2 29
1 29
1 28
2 28
3 28
4 28
5 28
6 28
6 28
5 28
4 28
3 28
2 28
1 27
1 26
1 25
1 25
1 26
1 27
1 28
1 29
2 29
3 29
4 29
5 29
6 29
7 29
7 28
7 27
7 26
7 25
7 24
8 23
9 23
9 24
9 25
9 26
9 26
9 25
9 24
10 23
11 23
11 24
11 25
11 26
11 27
11 28
11 29
12 29
13 29
14 29
15 29
15 28
14 28
13 28
12 28
12 28
13 27
13 26
13 25
13 25
13 26
13 27
13 28
14 28
15 27
15 26
16 26
17 26
17 27
17 28
17 29
18 29
19 29
19 30
20 30
