1 29
2 29
1 28
3 29
2 28
3 28
3 27
3 26
4 26
3 25
5 26
4 25
3 24
5 27
5 25
3 23
5 28
4 23
3 22
5 29
5 23
4 22
3 21
6 23
5 22
3 20
7 23
6 22
4 20
2 20
3 19
7 24
8 23
7 22
5 20
4 19
1 20
2 19
7 25
9 23
8 22
7 21
5 19
1 21
1 19
7 26
8 25
9 22
7 20
1 22
1 18
8 26
9 25
9 21
7 19
1 23
1 17
9 26
9 20
7 18
1 24
1 16
9 27
9 19
7 17
1 25
1 15
9 28
8 17
7 16
1 26
1 14
9 29
10 28
8 28
9 17
8 16
2 14
1 13
9 30
10 29
8 29
7 28
9 16
3 14
2 13
1 12
tp
1 29
2 29
3 29
3 28
3 27
3 26
3 25
3 24
3 23
4 23
5 23
6 23
7 23
7 24
7 25
7 26
8 26
9 26
9 27
9 28
9 29
9 30
10 30
